# GNMF Benchmark Spark
parallelism maxIterations colsV rowsV error sparsity time k
50 1 100000 500 0.08203641919824375 0.001 18.703375640333334 10
50 1 100000 1000 0.054057562011034135 0.001 19.849881039333336 10
50 1 100000 1500 0.3459370857743231 0.001 20.987044535 10
50 1 100000 5000 0.5959824858631437 0.001 26.073787717000002 10
50 1 100000 10000 0.6145373042100916 0.001 29.66141421366667 10
50 1 100000 25000 0.2152701950098512 0.001 43.74071668566666 10
50 1 100000 50000 3.5576844791840676 0.001 67.10633682366667 10
50 1 100000 100000 4.720853670318503 0.001 117.036600063 10
50 1 100000 150000 3.2260886026400795 0.001 165.32951920066668 10
