# GNMF Benchmark Stratosphere
parallelism maxIterations colsV rowsV error sparsity time k
50 1 100000 500 11.5684614505704 0.001 69.41466666666668 10
50 1 100000 1000 5.834033024703693 0.001 46.91766666666666 10
50 1 100000 1500 4.1797816131148915 0.001 42.88666666666666 10
50 1 100000 5000 3.908198092898225 0.001 45.13566666666667 10
50 1 100000 10000 97.75331902975638 0.001 97.10533333333332 10
50 1 100000 25000 31.7721074266932 0.001 73.97866666666665 10
50 1 100000 50000 3.4913888831428253 0.001 143.72833333333332 10
50 1 100000 100000 30.800075930642336 0.001 193.20766666666668 10
50 1 100000 150000 40.05092329772186 0.001 134.415 10
