# GNMF Benchmark Spark
parallelism maxIterations colsV rowsV error sparsity time k
50 1 100000 500 0.10412450319447501 0.001 18.733598892666663 10
50 1 100000 1000 0.15048679758351938 0.001 19.730892554999997 10
50 1 100000 1500 0.1422325640830237 0.001 20.978152415 10
50 1 100000 5000 0.2241835160473553 0.001 25.65278231133333 10
50 1 100000 10000 0.46680290415486386 0.001 30.280952377333335 10
50 1 100000 25000 0.5612076556770638 0.001 43.40691537666667 10
50 1 100000 50000 4.429849548257576 0.001 66.84648907366666 10
50 1 100000 100000 1.1741864193208467 0.001 115.47910491266667 10
50 1 100000 150000 6.427559135424351 0.001 167.202987521 10
